| 10689 |
| 10690 |
| 10691 |
| 10692 |
| 10693 |
| 10694 |
| 10695 |
| 10696 |
| 10697 |
| 10698 |
| 10699 |
| 10700 |
| 10701 |
| 10702 |
| 10703 |
| 10704 |
| 10705 |
| 10706 |
| 10707 |
| 10708 |
| 10709 |
| 10710 |
| 10711 |
| 10712 |
| 10713 |
| 10714 |
| 10715 |
| 10716 |
| 10717 |
| 10718 |
| 10719 |
| 10720 |
| 10721 |
| 10722 |
| 10723 |
| 10724 |
| 10725 |
| 10726 |
| 10727 |
| 10728 |
| 10729 |
| 10730 |
| 10731 |
| 10732 |
| 10733 |
| 10734 |
| 10735 |
| 10736 |
| 10737 |
| 10738 |
| 10739 |
| 10740 |
| 10741 |
| 10742 |
| 10743 |
| 10744 |
| 10745 |
| 10746 |
| 10747 |
| 10748 |
| 10749 |
| 10750 |
| 10751 |
| 10752 |
| 10753 |
| 10754 |
| 10755 |
| 10756 |
| 10757 |
| 10758 |
| 10759 |
| 10760 |
| 10761 |
| 10762 |
| 10763 |
| 10764 |
| 10765 |
| 10766 |
| 10767 |
| 10768 |
| 10769 |
| 10770 |
| 10771 |
| 10772 |
| 10773 |
| 10774 |
| 10775 |
| 10776 |
| 10777 |
| 10778 |
| 10779 |
| 10780 |
| 10781 |
| 10782 |
| 10783 |
| 10784 |
| 10785 |
| 10786 |
| 10787 |
| 10788 |
| 10789 |